%YAML:1.0
---
Camera Matrix: !!opencv-matrix
   rows: 3
   cols: 3
   dt: d
   data: [ 5.1700368817095330e+02, 0., 320., 0., 5.1700368817095330e+02,
       212., 0., 0., 1. ]
Distortion Coefficients: !!opencv-matrix
   rows: 0
   cols: 0
   dt: u
   data: []
Rotation Vector: !!opencv-matrix
   rows: 3
   cols: 1
   dt: d
   data: [ -9.8062494577690595e-01, 3.3172558980188400e-02,
       5.4986559104982886e-03 ]
Translation Vector: !!opencv-matrix
   rows: 3
   cols: 1
   dt: d
   data: [ -1.4224385237542627e+00, -2.5773166338562453e-01,
       1.6274555476502545e+01 ]
