%YAML:1.0
---
Camera Matrix: !!opencv-matrix
   rows: 3
   cols: 3
   dt: d
   data: [ 5.1700368817095330e+02, 0., 320., 0., 5.1700368817095330e+02,
       212., 0., 0., 1. ]
Distortion Coefficients: !!opencv-matrix
   rows: 5
   cols: 1
   dt: d
   data: [ 1.1286636797980941e-01, -1.4877900799224317e+00, 0., 0.,
       2.3005718967610673e+00 ]
Rotation Vector: !!opencv-matrix
   rows: 3
   cols: 1
   dt: d
   data: [ -9.8343474779644657e-01, 2.6917533848515168e-02,
       1.0909440427840814e-02 ]
Translation Vector: !!opencv-matrix
   rows: 3
   cols: 1
   dt: d
   data: [ -1.4191398862839220e+00, -2.7791671953967101e-01,
       1.6174508942475772e+01 ]
Rotation Matrix: !!opencv-matrix
   rows: 3
   cols: 3
   dt: d
   data: [ 9.9961115973271353e-01, -2.1434658460327320e-02,
       1.7834930740227992e-02, -2.9693500008460636e-03,
       5.5414371484143188e-01, 8.3241571721244578e-01,
       -2.7725661369786773e-02, -8.3214499861407987e-01,
       5.5386459444812053e-01 ]
