%YAML:1.0
---
Camera Matrix: !!opencv-matrix
   rows: 3
   cols: 3
   dt: d
   data: [ 640., 0., 320., 0., 640., 212., 0., 0., 1. ]
Distortion Coefficients: !!opencv-matrix
   rows: 4
   cols: 1
   dt: d
   data: [ 0., 0., 0., 0. ]
Rotation Matrix: !!opencv-matrix
   rows: 3
   cols: 3
   dt: d
   data: [ 9.9717608260970680e-01, 7.3305472366137492e-02,
       -1.6314655752925865e-02, -1.8810434182742128e-03,
       2.4155409984136331e-01, 9.7038553087187318e-01,
       7.5075441702447482e-02, -9.6761455372012994e-01,
       2.4100986179444250e-01 ]
Rotation Vector: !!opencv-matrix
   rows: 3
   cols: 1
   dt: d
   data: [ -1.3260942298914744e+00, -6.2534507541213036e-02,
       -5.1447059027524680e-02 ]
Translation Vector: !!opencv-matrix
   rows: 3
   cols: 1
   dt: d
   data: [ -3.0670672577786759e+00, 2.9053335028351146e+00,
       3.0653249122161451e+01 ]
